0.0
0.2502844141069397
0.05690871841566128
0.011384335154826957
0.06838386140870754
0.17088174982911825
0.07973573299920264
0.2621381354000456
0.22823234052265207
0.03427396321261282
0.8344764517604024
0.33154224305476165
0.08007320979180965
0.14865637507146942
0.09152270907218854
0.0686420318041414
0.125872525460579
0.08010069802036847
0.06902899217671422
0.09199632014719411
0.04594532506317482
0.0
0.11431184270690443
0.13704888076747374
0.06827492034592626
0.09076469253460404
0.022665457842248413
0.0
0.045156920298035676
0.02254283137962128
0.0675067506750675
0.06749156355455568
0.022426553038797935
0.13425822331617812
0.04462293618920125
0.12751036021676762
0.03186743148502231
0.06369426751592357
0.03184713375796178
0.06373486297004462
0.15913430935709738
0.1592356687898089
0.031746031746031744
0.25388765471278957
0.12690355329949238
0.03165558721114277
0.03164556962025317
0.06329113924050633
0.12654223347042076
0.0
0.19011406844106463
0.03163555836760519
0.3162555344718533
0.06313131313131314
0.2205419029615627
0.0315059861373661
0.03146633102580239
0.06289308176100629
0.0
0.06287331027978624
0.15748031496062992
0.22075055187637968
0.1575299306868305
0.1576789656259855
0.031525851197982346
0.1261431725007884
0.0
0.06291286568103177
0.2198492462311558
0.15664160401002505
0.019201228878648235
0.0
0.01918281220026856
0.0
0.0
0.15299292407726142
0.07640878701050621
0.057262836419163965
0.5346572465151804
0.057295645530939646
0.0
0.038015586390420075
0.05701254275940707
0.13310515307092602
0.019000570017100513
0.4368471035137702
0.0
0.021422450728363324
0.021431633090441493
0.042863266180882986
0.32175032175032175
0.3212679374598415
0.04281738385784629
0.1067463706233988
0.04276245456489203
0.14976465554129226
0.08570816370259267
0.0
0.3203074951953876
0.021358393848782572
0.1067463706233988
0.021321961620469083
0.06399317406143344
0.025974025974025976
0.051934562451311346
0.2079002079002079
0.07786140669608098
0.0
0.10351966873706005
0.0258732212160414
0.025853154084798345
0.07753941586973379
0.10325245224574084
0.07731958762886598
0.02577319587628866
0.05150656708730363
0.28314028314028317
0.07718034473887317
0.102880658436214
0.28212362144139524
0.07710100231303008
0.09801999607920016
0.03913894324853229
0.0
0.23410066328521265
0.19477989871445267
0.019485580670303974
0.13631937682570594
0.3694341823838227
0.03882741215298
0.05808325266214908
0.13526570048309178
0.11538461538461539
0.0
0.0
0.019124115509657678
0.1526426254531578
0.019051247856734618
0.1391949889803967
0.011584800741427247
0.0
0.03471017007983339
0.011556685542586386
0.11556685542586387
0.2655275917801893
0.10398613518197573
0.1384721901684745
0.02306805074971165
0.04614142346291383
0.1036030850696443
0.1151808339092375
0.0
0.0
0.03452641270571988
0.24129610479145122
0.0
0.0
0.020557097337855896
0.22608159490288768
0.0513347022587269
0.14387010584729215
0.04109307581672488
0.010271158586688579
0.02053598932128555
0.020496003279360523
0.17398423907481322
0.10238558410975734
0.2662025186853691
0.05116659844453541
0.030706243602865915
0.09205277692543726
0.06139991813344249
0.030690537084398978
0.20466639377814164
0.0
0.05304476978569913
0.021172983273343216
0.04233700254022015
0.08466504391999154
0.08468296813803323
0.6453660600931019
0.06344506714602939
0.021123785382340516
0.09501689189189189
0.0
0.03171917953055614
0.12691697514542571
0.05284853609555015
0.19027484143763213
0.1056859015007398
0.41217501585288524
0.041220115416323165
0.18484288354898337
0.3497942386831276
0.0412796697626419
0.0
0.041211621677313
0.02056343820686819
0.18503289473684212
0.14391447368421054
0.12340600575894693
0.08220304151253596
0.02055076037813399
0.0
0.06163961372508732
0.1848808545603944
0.1890359168241966
0.0
0.0
0.0
0.13542795232936078
0.05424464334147003
0.08125677139761647
0.08123476848090982
0.24410089503661514
0.13553808620222282
0.05414185165132648
0.10822510822510822
0.08112493239588967
0.0
0.05399568034557235
0.10775862068965517
0.0
0.05398110661268556
