0.1934676226243314
0.04550625711035267
0.04552697473252902
0.0796812749003984
0.26183970856102
0.04558924093913836
0.1822738664843928
0.022781637999772182
0.02279462046956918
0.20540910647038685
0.0
0.03427396321261282
0.18291985823710988
0.04575611988103409
0.17152658662092624
0.4690538839949662
0.04576135453609427
0.022885913720105275
0.2059732234809475
0.06902899217671422
0.02297266253158741
0.1377726750861079
0.045840018336007336
0.04572473708276177
0.09136592051164916
0.022799817601459188
0.04551661356395084
0.5899705014749262
0.022665457842248413
0.0
0.045228403437358664
0.06773538044705352
0.09017132551848513
0.15751575157515751
0.0
0.17941242431038348
0.06712911165808906
0.0892458723784025
0.06375518010838381
0.03186743148502231
0.22314313037934333
0.09554140127388536
0.4461440407903123
0.1273074474856779
0.44543429844098
0.2222222222222222
0.1904157410345922
0.41243654822335024
0.0949667616334283
0.15822784810126583
0.0
0.2847200253084467
0.1266624445851805
0.06337135614702155
0.03163555836760519
0.06325110689437065
0.0946969696969697
0.0315059861373661
0.06293266205160478
0.44025157232704404
0.12582573136206354
0.34591194968553457
0.03143665513989312
0.031496062992125984
0.031545741324921134
0.0315357931251971
0.0
0.1892147587511826
0.06305170239596469
0.0315357931251971
0.1574307304785894
0.0
0.0
0.09398496240601503
0.03136762860727729
0.03838771593090211
0.36482334869431643
0.13427968540187993
0.17228177641653905
0.2679425837320574
0.03828483920367534
0.2868617326448652
0.09551098376313276
0.03817522427944264
0.24823372159633378
0.19098548510313215
0.019065776930409915
0.09514747859181731
0.019036740909956214
0.03800836183960471
0.13310515307092602
0.03800114003420103
0.24691358024691357
0.14989293361884368
0.021422450728363324
0.19288469781397344
0.0
0.0429000429000429
0.29985007496251875
0.23559648747055043
0.0
0.04269854824935952
0.10690613641223007
0.0
0.10713520462824085
0.0
0.06422607578676943
0.12812299807815503
0.19214346712211786
0.0
0.12987012987012986
0.051934562451311346
0.0
0.10395010395010396
0.0
0.25926886180969666
0.051759834368530024
0.0
0.05170630816959669
0.02577319587628866
0.10309278350515463
0.05150656708730363
0.02574002574002574
0.07718034473887317
0.12876641771825909
0.0257201646090535
0.0512952038984355
0.15420200462606015
0.0
0.019569471624266144
0.019527436047646944
0.11705033164260632
0.019508388607101055
0.019477989871445268
0.09742790335151988
0.42843232716650437
0.4860976083997667
0.07765482430596
0.01936108422071636
0.11594202898550725
0.211864406779661
0.038461538461538464
0.09587727708533078
0.0
0.13386880856760375
0.019080328181644724
0.038102495713469235
0.057164634146341466
0.06959749449019835
0.06950880444856349
0.18520662113670563
0.04628022677311119
0.24285879495778884
0.046226742170345544
0.09245348434069109
0.06926806742091896
0.06932409012131716
0.0
0.14994232987312572
0.24224247318029762
0.33383216300218715
0.09214466712739
0.16106764841233318
0.09208103130755065
0.023017608470479917
0.06894174422612892
0.011494252873563218
0.10336510853336396
0.04111419467571179
0.0
0.06165861679169664
0.195152013147083
0.0410719786425711
0.020521239482864766
0.14367816091954022
0.06148800983808157
0.030703101013202335
0.14333981775366028
0.05116659844453541
0.06141248720573183
0.21478981282602025
0.1637331150225133
0.010230179028132993
0.15349979533360622
0.26606631191158414
0.06365372374283895
0.1908194635852857
0.021181952976064393
0.04234148406901662
0.09527842473004447
0.04233700254022015
0.11641443538998836
0.031756113051762465
0.04231908590774439
0.05287088928835783
0.8027038445289396
0.13724662162162163
0.1478664976763836
0.08458447874814971
0.15864621893178213
0.01056970721911003
0.10570824524312897
0.021132713440405747
0.17966603255125765
0.33819488480236737
0.08244023083264633
0.02054653790836244
0.14376668720476485
0.0411522633744856
0.10302905419328251
0.22703818369453044
0.0
0.020635575732562937
0.0
0.10281719103434094
0.061690314620604564
0.06165228113440197
0.04111842105263158
0.0
0.04110152075626798
0.16440608302507193
0.0
0.06163961372508732
0.08216926869350863
0.027005130974885227
0.21633315305570577
0.08097165991902834
0.24298056155507558
0.0
0.027048958615093318
0.10834236186348863
0.13561160835367508
0.16251354279523295
0.1083130246412131
0.10848928668294006
0.08132285172133369
0.05414185165132648
0.027056277056277056
0.05408328826392644
0.21592442645074225
0.0
0.10784578053383662
0.21592442645074225
