0.04552179355866621
0.05688282138794084
0.1593444115638516
0.13659647125782584
0.07969034608378871
0.12537041258263049
0.03417245699965828
0.01139731023478459
0.011411617026132604
0.17117425539198905
0.045698617616817094
0.06858710562414266
0.05716245569909683
0.04575611988103409
0.08004574042309891
0.04576135453609427
0.04576135453609427
0.2975168783613686
0.04601932811780948
0.06899724011039558
0.16080863772111187
0.09184845005740529
0.068760027504011
0.0
0.04568296025582458
0.09119927040583675
0.0
0.11332728921124206
0.045300113250283124
0.11307100859339665
0.0
0.6300630063006301
0.0
0.08970621215519174
0.06712911165808906
0.0
0.03186743148502231
0.09554140127388536
0.03181673560292714
0.15873015873015872
0.031735956839098696
0.031725888324873094
0.22158911047799937
0.25316455696202533
0.06327111673521038
0.44331855604813175
0.2530844669408415
0.2846299810246679
0.25252525252525254
0.0630119722747322
0.1575299306868305
0.0
0.031446540880503145
0.5976722239698018
0.12578616352201258
0.09430996541967934
0.06299212598425197
0.1892744479495268
0.28382213812677387
0.3468937243771681
0.0630715862503942
0.0
0.06265664160401002
0.18820577164366373
0.11516314779270634
0.0
0.0
0.1918281220026856
0.03827751196172249
0.07656967840735068
0.13371537726838587
0.019094901661256443
0.019098548510313215
0.019065776930409915
0.09514747859181731
0.09518370454978108
0.32307107563664006
0.2852253280091272
0.057001710051301537
0.13295346628679963
0.021431633090441493
0.0
0.1713796058269066
0.2145002145002145
0.14992503748125938
0.021408691928923144
0.06404782237403928
0.021408691928923144
0.021408691928923144
0.06406149903907751
0.10679196924391286
0.2775405636208369
0.06396588486140725
0.10665529010238908
0.0
0.2856400934822124
0.31185031185031187
0.0
0.05185377236193933
0.07761966364812418
0.025853154084798345
0.0
0.05162622612287042
0.02577319587628866
0.02577319587628866
0.05150656708730363
0.10296010296010295
0.0
0.05150656708730363
0.102880658436214
0.12823800974608873
0.07710100231303008
0.01960399921584003
0.09784735812133072
0.019527436047646944
0.05852516582130316
0.1168679392286716
0.1363990646921278
0.0
0.21355076684139002
0.0968054211035818
0.09615384615384616
0.05752636625119847
0.13415101571483326
0.13356229727151306
0.019051247856734618
0.0
0.09267840593141798
0.023129409043598937
0.057783427712931934
0.06926806742091896
0.19641825534373195
0.06923609508423725
0.3229527104959631
0.0
0.0
0.0230361667818475
0.09203865623561897
0.1151012891344383
0.03452641270571988
0.1838446512696771
0.034482758620689655
0.08039508441483864
1.1409189022510022
0.36995170075017986
0.11293634496919917
0.0513821806597472
0.22596548890714874
0.09241195194578498
0.010248001639680262
0.10238558410975734
0.04095423364390294
0.010233319688907082
0.8393039918116684
0.030699959066721245
0.2659846547314578
0.05116659844453541
0.06139991813344249
0.0
0.1060108131029365
0.010590976488032196
0.09526833915528739
0.15879737455007412
0.021168501270110076
0.13758069636998624
0.12702445220704986
0.10579771476936098
0.0
0.021123785382340516
0.31672297297297297
0.13730460498521335
0.13744977796574329
0.06345848757271286
0.1056970721911003
0.11627906976744186
0.0528429507503699
0.04227436060029592
0.020610057708161583
0.30819806862543664
0.0
0.0618174325159695
0.10319917440660474
0.0
0.0618174325159695
0.0
0.06165228113440197
0.20559210526315788
0.1439736733854381
0.06165228113440197
0.9042334566378956
0.02054653790836244
0.06163961372508732
0.06162695152013147
0.16203078584931138
0.02704164413196322
0.05398110661268556
0.027048958615093318
0.18959913326110509
0.027122321670735014
0.027085590465872156
0.27078256160303277
0.027122321670735014
0.08121277747698971
0.05411255411255411
0.08112493239588967
0.05398110661268556
0.1079913606911447
0.10775862068965517
0.08097165991902834
