0.0
0.0
0.0007967220578192579
0.0003414911781445646
0.009107468123861567
0.0015956234328698426
0.001139211665527455
0.00011390818999886092
0.0007978117164349213
0.00034234851078397807
0.0021682072349651946
0.00022849308808408546
0.0
0.010174917114439236
0.0
0.0005717552887364208
0.0005720169317011784
0.00011440338634023568
0.00022885913720105275
0.00034328870580157915
0.0025310630464795212
0.0
0.0013783597518952446
0.0020665901262916187
0.0
0.00022862368541380886
0.00022841480127912289
0.00022799817601459188
0.0002275830678197542
0.0
0.0006799637352674524
0.0
0.0004522840343735866
0.0015804922104312486
0.0009017132551848512
0.00045004500450045
0.0002249718785151856
0.001794124243103835
0.0006712911165808906
0.0
0.000318775900541919
0.0
0.0
0.0
0.0
0.0006373486297004461
0.0022278803309993636
0.0009554140127388535
0.0
0.00031746031746031746
0.0012694382735639479
0.0009517766497461929
0.000949667616334283
0.0009493670886075949
0.0012658227848101266
0.0
0.005383153894870171
0.002217997465145754
0.0
0.0018975332068311196
0.0006313131313131314
0.000315059861373661
0.000315059861373661
0.0
0.0018867924528301887
0.002201950298836112
0.0009433962264150943
0.00031436655139893113
0.00031496062992125983
0.0006309148264984228
0.002838221381267739
0.000630119722747322
0.001576789656259855
0.0006305170239596469
0.000630715862503942
0.0
0.0012582573136206354
0.0043969849246231155
0.0015664160401002505
0.0006273525721455458
0.0
0.00019201228878648233
0.00019175455417066154
0.0007673124880107424
0.0005742725880551302
0.0032535885167464117
0.0
0.00019124115509657678
0.00019102196752626553
0.0003817522427944264
0.0
0.0005729564553093965
0.001143946615824595
0.00019029495718363463
0.003236245954692557
0.0007603117278084015
0.0
0.00038030043734550294
0.002850085502565077
0.003228869895536562
0.0006423982869379015
0.0004284490145672665
0.0006429489927132448
0.0004286326618088298
0.0
0.0006435006435006435
0.00042835724994645533
0.004497751124437781
0.0017126953543138515
0.0004269854824935952
0.001710498182595681
0.0014976465554129225
0.0017141632740518534
0.0027831299507600086
0.00149860843502462
0.0
0.0008543357539513029
0.0004269854824935952
0.0
0.0008532423208191126
0.0
0.002077382498052454
0.0007790184367696703
0.0005197505197505198
0.0002595380223202699
0.0
0.0
0.0
0.0002585315408479835
0.001033858878263117
0.002581311306143521
0.0015463917525773195
0.0002577319587628866
0.0012876641771825909
0.0005148005148005148
0.0010290712631849757
0.0002575328354365182
0.00051440329218107
0.0012823800974608873
0.00025700334104343357
0.000588119976475201
0.0003913894324853229
0.00019527436047646945
0.0009754194303550526
0.0015606710885680843
0.0009738994935722633
0.0005845674201091193
0.0
0.0015555123468792534
0.0
0.0003872216844143272
0.000966183574879227
0.0
0.0001923076923076923
0.0017257909875359539
0.0003832886163280951
0.0009562057754828839
0.0019080328181644724
0.0009525623928367308
0.0013338414634146342
0.0018559331864052894
0.001737720111214087
0.0040513948373654355
0.00011570056693277797
0.0006938822713079681
0.0006934011325551831
0.0
0.0011544677903486493
0.001270941652224148
0.0017309023771059312
0.0005767012687427913
0.0003460606759718537
0.0
0.0008062658373646625
0.0
0.0006906077348066298
0.0
0.0004596116281741928
0.0008045977011494253
0.000918800964741013
0.0016445677870284717
0.0026718733943068545
0.0
0.0004110574452779776
0.0004109307581672488
0.001027115858668858
0.0012321593592771332
0.0015390929612148574
0.0007183908045977011
0.00010248001639680262
0.002456248081056187
0.000307156752329272
0.0
0.001023331968890708
0.0003070624360286592
0.0
0.0
0.0005115089514066496
0.00010233319688907081
0.0007163323782234957
0.001591343093570974
0.0003180324393088095
0.0007413683541622537
0.0027521964644860804
0.0
0.0003175275190516511
0.0006349878293999365
0.00031756113051762465
0.0006347862886161659
0.001268901342920588
0.0008449514152936206
0.000316722972972973
0.0011618081960287283
0.0008458447874814971
0.0006345848757271285
0.00021139414438220062
0.00010570824524312896
0.0
0.000528429507503699
0.0014796026210103573
0.0
0.001027326895418122
0.0012322858903265558
0.0008230452674897119
0.000618174325159695
0.0006191950464396285
0.0008252527336496802
0.0
0.000206058108386565
0.0010281719103434094
0.0006169031462060457
0.0
0.0
0.0012335526315789473
0.0
0.0
0.0006165228113440197
0.0008218615163344976
0.0
0.00020542317173377156
0.0
0.0029745808545159546
0.0
0.0
0.0005401026194977045
0.0005409791723018664
0.0005417118093174431
0.0008136696501220504
0.00027085590465872155
0.0013539128080151638
0.0005424464334147003
0.0013553808620222283
0.0010828370330265296
0.0021645021645021645
0.001081665765278529
0.0018893387314439945
0.0013498920086393088
0.002963362068965517
0.0
0.0005398110661268556
