0.0
0.0
0.0
0.003642572566875356
0.00011384335154826958
0.00011397310234784591
0.000455684666210982
0.0005695409499943046
0.0033052199680875314
0.0
0.009357525961428734
0.0004569861761681709
0.000800182898948331
0.000685949468389162
0.0011439029970258523
0.0009148084619782733
0.0004576135453609427
0.0
0.0008010069802036847
0.0010298661174047373
0.0009203865623561896
0.0006899724011039559
0.0
0.0
0.0
0.00022862368541380886
0.00045682960255824577
0.00045599635202918376
0.0006827492034592626
0.0
0.00022665457842248413
0.0
0.0002261420171867933
0.0004515692029803567
0.0002254283137962128
0.0013501350135013501
0.0
0.0006727965911639381
0.00022376370552696352
0.0004462293618920125
0.004144086707044948
0.0
0.0012738853503184713
0.0
0.0006369426751592356
0.0
0.002864417568427753
0.0015923566878980893
0.0006363347120585428
0.00031746031746031746
0.0
0.0009517766497461929
0.000949667616334283
0.0
0.0
0.0
0.00031665611146295124
0.0025348542458808617
0.0009490667510281556
0.0009487666034155598
0.0
0.000315059861373661
0.0
0.0009439899307740718
0.003459119496855346
0.0
0.0006289308176100629
0.0031436655139893115
0.00031496062992125983
0.0012618296529968455
0.0
0.000315059861373661
0.002207505518763797
0.0
0.002522863450015768
0.00031486146095717883
0.0012582573136206354
0.000314070351758794
0.0006265664160401002
0.0
0.0
0.0
0.005177372962607862
0.0001918281220026856
0.0
0.0032535885167464117
0.001339969372128637
0.004207305412124689
0.00019102196752626553
0.0003817522427944264
0.0005728470498376934
0.001336898395721925
0.006101048617731172
0.0017126546146527116
0.00019036740909956216
0.002090857251473104
0.0
0.0024719528427457694
0.00019000570017100514
0.0001899335232668566
0.0
0.0
0.0032147449635662236
0.0006429489927132448
0.0014995715509854327
0.002574002574002574
0.001285071749839366
0.0014992503748125937
0.0006422607578676942
0.001067463706233988
0.00021381227282446012
0.0014976465554129225
0.0012856224555388902
0.00042817383857846286
0.00299721687004924
0.0
0.0
0.0004269854824935952
0.0
0.0
0.0007792207792207792
0.00025967281225655674
0.0005193456245131135
0.0005197505197505198
0.0005190760446405398
0.0005185377236193933
0.0
0.0007761966364812419
0.0
0.00361850607392091
0.0002581311306143521
0.0
0.0
0.001545197012619109
0.002574002574002574
0.0007718034473887317
0.0
0.0
0.00025647601949217746
0.0005140066820868671
0.0
0.00019569471624266145
0.0
0.0003901677721420211
0.00019508388607101054
0.0007791195948578107
0.0005845674201091193
0.0
0.0
0.0009706853038245001
0.0007744433688286545
0.000966183574879227
0.0
0.002692307692307692
0.0
0.0003832886163280951
0.00019124115509657678
0.0005724098454493417
0.0009525623928367308
0.0007621951219512195
0.0006959749449019835
0.0004633920296570899
0.0010417872438939692
0.0
0.00023129409043598937
0.0010401016988327747
0.0019646365422396855
0.0006926806742091896
0.0
0.0
0.0006920415224913495
0.00011535355865728458
0.0013813744675952573
0.00046072333563695
0.0012655315232397606
0.0006906077348066298
0.0026470249741051906
0.0003447087211306446
0.001954022988505747
0.00011485012059262662
0.00010278548668927948
0.000513821806597472
0.000513347022587269
0.0
0.000513663447709061
0.0
0.0031830783447992605
0.00010260619741432382
0.0012315270935960591
0.00030744004919040785
0.0
0.0019453260980853897
0.005631207126036654
0.0011256651657797789
0.0
0.0011250894957553442
0.0014326647564469914
0.0006138107416879795
0.00010233319688907081
0.00010233319688907081
0.0007426267769997878
0.000848086504823492
0.011226435077314129
0.001164390811897957
0.0009527842473004446
0.0
0.0
0.0
0.0005289885738468049
0.0008459342286137253
0.00021123785382340515
0.000316722972972973
0.0011618081960287283
0.0
0.0022210470650449498
0.0005284853609555016
0.0003171247357293869
0.00010566356720202873
0.0011625449165081378
0.0007398013105051786
0.001030502885408079
0.0002054653790836244
0.0014376668720476485
0.0
0.000618174325159695
0.0002063983488132095
0.0004126263668248401
0.0014444903012794056
0.0
0.00041126876413736374
0.00020563438206868187
0.0010279605263157894
0.0
0.00020559210526315788
0.008638420403126285
0.0014385532264693795
0.0014385532264693795
0.0002054653790836244
0.0004109307581672488
0.0008216926869350862
0.0
0.0005408328826392645
0.0016194331983805667
0.0
0.0
0.0008114687584527996
0.00027085590465872155
0.0008136696501220504
0.0013542795232936078
0.0
0.0008136696501220504
0.0
0.0027070925825663237
0.0005411255411255411
0.00027041644131963225
0.0005398110661268556
0.0
0.00026939655172413793
0.0010784578053383662
0.0
