0.0003414134516899966
0.0010238907849829352
0.0
0.0
0.00011384335154826958
0.00022794620469569182
0.0
0.00022781637999772184
0.0007978117164349213
0.0019399748944425425
0.0009129293620906082
0.0
0.0006858710562414266
0.0
0.001029512697323267
0.00022870211549456832
0.0009152270907218854
0.00022880677268047135
0.00011442956860052638
0.0011442956860052637
0.0
0.0
0.0006891798759476223
0.0
0.0013752005500802201
0.0004572473708276177
0.0006852444038373687
0.0006839945280437756
0.0004551661356395084
0.0018152938506920807
0.0
0.00022650056625141563
0.0009045680687471732
0.00022578460149017836
0.0009017132551848512
0.0011251125112511251
0.0
0.00022426553038797938
0.00022376370552696352
0.0004462293618920125
0.001912655403251514
0.0009560229445506692
0.00732484076433121
0.000318775900541919
0.0015923566878980893
0.00031867431485022306
0.0009548058561425843
0.0015923566878980893
0.0003181673560292714
0.0
0.00031735956839098697
0.00031725888324873094
0.0
0.0006329113924050633
0.0006329113924050633
0.0
0.001266624445851805
0.0003168567807351077
0.00031635558367605187
0.0009487666034155598
0.0
0.001575299306868305
0.000315059861373661
0.00031466331025802394
0.0031446540880503146
0.0
0.0
0.0
0.0
0.0012618296529968455
0.0
0.0
0.0
0.0
0.0
0.0
0.0009436929852154766
0.0
0.0
0.0006273525721455458
0.0005758157389635317
0.0007680491551459293
0.00019175455417066154
0.0011509687320161136
0.0
0.001722488038277512
0.004019908116385911
0.00038248231019315357
0.0032473734479465137
0.0017178850925749188
0.002100439182738209
0.0
0.005338417540514776
0.0
0.001142204454597373
0.0005702337958563011
0.0005701254275940707
0.0011409013120365088
0.0
0.0001899335232668566
0.0006423982869379015
0.0006426735218508997
0.0010715816545220746
0.0015002143163309043
0.0019280205655526992
0.000429000429000429
0.000642535874919683
0.000642535874919683
0.00149860843502462
0.0
0.004490057729313663
0.0
0.0008570816370259267
0.0012845215157353885
0.00021408691928923143
0.0008541533205210335
0.00042716787697565144
0.0
0.00021321961620469082
0.00021331058020477816
0.0
0.0005193456245131135
0.001038691249026227
0.002079002079002079
0.0002595380223202699
0.0005185377236193933
0.0
0.0007761966364812419
0.000517063081695967
0.0002584647195657793
0.0018069179143004647
0.0
0.0
0.0012876641771825909
0.0015444015444015444
0.0
0.0012876641771825909
0.0
0.0
0.0007710100231303007
0.0015683199372672025
0.0
0.0017574692442882249
0.0007803355442840422
0.0
0.0
0.00019485580670303975
0.0005842259006815969
0.0013610733035193468
0.00019413706076490002
0.0013552758954501452
0.0005797101449275362
0.0007704160246533128
0.001153846153846154
0.0015340364333652923
0.0013415101571483327
0.0
0.0005724098454493417
0.0015240998285387694
0.0
0.001391949889803967
0.0
0.0004630165528417641
0.0015041073701261135
0.0005782352260899734
0.0
0.00046226742170345545
0.0035788501500808125
0.0008087810514153668
0.00023078698361412417
0.0
0.0011535355865728459
0.0005755726948313572
0.0017277125086385626
0.0004601932811780948
0.0023020257826887663
0.0011508804235239958
0.0013788348845225785
0.000689655172413793
0.0
0.0
0.005652039872572192
0.0
0.0003082930839584832
0.0007191288267926854
0.0
0.0007187596262449944
0.001231274368971886
0.012417898193760263
0.0005124000819840131
0.00184218606079214
0.0
0.0
0.0018419975440032747
0.0
0.007466503017285466
0.00020466639377814163
0.00020460358056265986
0.00010233319688907081
0.0003069995906672124
0.0
0.0
0.0
0.0017995130729332063
0.0019055684946008892
0.0005292125317527519
0.00010583130489998942
0.0012702445220704986
0.0008463817181548879
0.010891403193401712
0.0010561892691170257
0.0
0.0006337135614702154
0.001374497779657433
0.00021152829190904283
0.006341824331466018
0.0
0.00031699070160608623
0.0
0.0
0.00041220115416323167
0.0002054653790836244
0.0
0.0006172839506172839
0.00082423243354626
0.0026831785345717233
0.00020631318341242006
0.0020635575732562937
0.00082423243354626
0.0
0.0008225375282747275
0.00041118421052631577
0.0
0.0014391447368421052
0.00020567667626491157
0.0008220304151253596
0.0012330456226880395
0.0006163961372508733
0.001027326895418122
0.0008216926869350862
0.0013502565487442614
0.001081665765278529
0.0
0.0002699784017278618
0.001080205238995409
0.0008114687584527996
0.0021668472372697724
0.0
0.0005417118093174431
0.0
0.0008136696501220504
0.0
0.0
0.0010822510822510823
0.001081665765278529
0.0
0.0008099352051835853
0.0005387931034482759
0.0
0.0005398110661268556
