3.061340616820303
0.056902241948332766
0.04552179355866621
0.20484807101399796
0.7169682485489929
4.768407875270285
0.07966313872766587
0.5007397291453283
0.4096961420279959
0.0
4.096961420279959
0.1934676226243314
0.15932627745533173
0.10242403550699898
0.12518493228633207
0.07966313872766587
2.8792534425856378
0.022760896779333104
0.022760896779333104
1.934676226243314
0.06902899217671422
0.3451449608835711
0.36815462494247586
0.3451449608835711
0.5522319374137138
0.3451449608835711
0.20708697653014266
0.09203865623561897
0.1150483202945237
0.1150483202945237
0.13805798435342845
0.2761159687068569
0.5752416014726185
0.4601932811780948
0.2300966405890474
0.16106764841233318
0.25310630464795214
0.25310630464795214
0.3451449608835711
0.32213529682466635
0.47816385081287854
0.22314313037934333
0.0
0.06375518010838381
0.0
0.25502072043353524
0.5737966209754543
0.0
0.47816385081287854
0.031877590054191905
0.22314313037934333
0.12751036021676762
0.5419190309212624
0.0
0.1593879502709595
0.0
0.0
0.06375518010838381
0.25502072043353524
0.06375518010838381
0.06313131313131314
0.12626262626262627
0.0946969696969697
0.6313131313131313
0.6944444444444444
0.9785353535353535
0.5997474747474747
0.25252525252525254
0.4734848484848485
0.06313131313131314
0.726010101010101
0.5997474747474747
0.06313131313131314
0.0946969696969697
0.06313131313131314
0.15782828282828282
0.7891414141414141
0.726010101010101
0.12626262626262627
0.726010101010101
0.11516314779270634
1.1516314779270633
0.6525911708253359
0.15355086372360843
0.15355086372360843
0.09596928982725528
0.0
0.09596928982725528
0.9021113243761996
2.4376199616122842
0.40307101727447214
0.05758157389635317
2.380038387715931
0.1343570057581574
1.1132437619961613
3.9539347408829175
1.4971209213051824
0.3646833013435701
1.8234165067178503
0.1727447216890595
0.08565310492505353
0.3854389721627409
0.3640256959314775
0.14989293361884368
1.2419700214132763
0.06423982869379015
0.5995717344753747
0.2569593147751606
0.10706638115631692
0.9635974304068522
0.5995717344753747
0.0
0.19271948608137046
0.10706638115631692
0.0
0.3640256959314775
0.556745182012848
1.3704496788008564
1.1563169164882228
0.32119914346895073
0.8311688311688312
0.961038961038961
0.6753246753246753
0.15584415584415584
0.07792207792207792
0.0
1.1428571428571428
0.8571428571428571
0.2597402597402597
0.18181818181818182
0.0
0.5714285714285714
0.36363636363636365
0.44155844155844154
0.1038961038961039
0.3116883116883117
0.33766233766233766
0.33766233766233766
0.18181818181818182
0.44155844155844154
0.15683199372672024
0.3136639874534405
0.7253479709860812
0.11762399529504018
0.4312879827484807
0.23524799059008036
0.07841599686336012
0.07841599686336012
0.2548519898059204
0.0
0.03920799843168006
0.607723975691041
0.6861399725544011
0.15683199372672024
0.11762399529504018
0.8625759654969614
0.1764359929425603
0.19603999215840032
0.1764359929425603
0.39207998431680063
3.4682751420948845
0.057997912075165296
0.18559331864052894
0.40598538452615707
1.009163670107876
0.23199164830066119
0.2551908131307273
1.8327340215752232
0.3131887252058926
0.788771604222248
0.20879248347059506
0.20879248347059506
0.011599582415033059
0.9511657580327109
0.5567799559215868
0.20879248347059506
0.023199164830066118
0.22039206588562812
0.011599582415033059
0.023199164830066118
0.020557097337855896
1.2334258402713536
0.3700277520814061
0.3083564600678384
0.0
2.672422653921266
0.5653201767910371
3.8544557508479804
3.535820742111214
0.6886627608181725
0.08222838935142358
0.0
2.5696371672319867
1.2745400349470655
1.8912529550827424
3.484427998766574
0.606434371466749
0.2980779113989105
0.08222838935142358
3.4535923527597903
0.307659664757055
1.1351580734139615
0.0
0.47740292807129214
0.08487163165711861
0.18035221727137704
1.4852535539995757
0.0
0.021217907914279653
1.7398684489709315
0.0
0.09548058561425843
0.4561850201570125
0.2758328028856355
0.0
4.126883089327392
0.07426267769997878
0.551665605771271
0.021217907914279653
0.2015701251856567
0.041220115416323165
0.5358615004122012
0.6595218466611706
0.10305028854080792
0.20610057708161583
0.1236603462489695
0.9274525968672712
0.0
0.1236603462489695
0.18549051937345423
0.7419620774938169
0.2679307502061006
0.3091508656224237
0.41220115416323166
0.0
0.0
0.18549051937345423
0.3091508656224237
0.041220115416323165
0.1442704039571311
0.2700513097488523
0.10802052389954091
0.0
0.054010261949770454
0.16203078584931138
0.0
0.0
0.837159060221442
0.2700513097488523
0.24304617877396706
0.054010261949770454
1.1342155009451795
0.351066702673508
0.702133405347016
0.10802052389954091
0.13502565487442614
0.1890359168241966
0.21604104779908181
0.5401026194977046
0.08101539292465569
