0.44383748719699556
0.03414134516899966
0.022760896779333104
0.03414134516899966
0.10242403550699898
0.35279390007966316
0.04552179355866621
0.15932627745533173
0.2389894161829976
0.0
0.7169682485489929
0.022760896779333104
0.06828269033799932
0.03414134516899966
0.06828269033799932
0.011380448389666552
0.07966313872766587
0.011380448389666552
0.011380448389666552
0.1934676226243314
0.04601932811780948
0.13805798435342845
0.13805798435342845
0.06902899217671422
0.06902899217671422
0.06902899217671422
0.06902899217671422
0.02300966405890474
0.06902899217671422
0.09203865623561897
0.04601932811780948
0.09203865623561897
0.13805798435342845
0.06902899217671422
0.06902899217671422
0.09203865623561897
0.18407731247123793
0.04601932811780948
0.20708697653014266
0.1150483202945237
0.06375518010838381
0.09563277016257571
0.0
0.031877590054191905
0.0
0.09563277016257571
0.38253108065030283
0.0
0.12751036021676762
0.031877590054191905
0.06375518010838381
0.06375518010838381
0.1593879502709595
0.0
0.06375518010838381
0.0
0.0
0.031877590054191905
0.19126554032515142
0.031877590054191905
0.03156565656565657
0.03156565656565657
0.03156565656565657
0.3472222222222222
0.3472222222222222
0.0946969696969697
0.22095959595959597
0.06313131313131314
0.12626262626262627
0.03156565656565657
0.1893939393939394
0.31565656565656564
0.03156565656565657
0.06313131313131314
0.03156565656565657
0.12626262626262627
0.15782828282828282
0.2840909090909091
0.03156565656565657
0.22095959595959597
0.03838771593090211
0.3838771593090211
0.15355086372360843
0.07677543186180422
0.11516314779270634
0.019193857965451054
0.0
0.07677543186180422
0.1727447216890595
0.28790786948176583
0.1343570057581574
0.03838771593090211
0.3838771593090211
0.05758157389635317
0.15355086372360843
0.6142034548944337
0.345489443378119
0.19193857965451055
1.1132437619961613
0.05758157389635317
0.042826552462526764
0.14989293361884368
0.06423982869379015
0.042826552462526764
0.17130620985010706
0.042826552462526764
0.1284796573875803
0.10706638115631692
0.08565310492505353
0.10706638115631692
0.19271948608137046
0.0
0.06423982869379015
0.06423982869379015
0.0
0.14989293361884368
0.14989293361884368
0.5353319057815846
0.14989293361884368
0.042826552462526764
0.23376623376623376
0.2597402597402597
0.2077922077922078
0.1038961038961039
0.025974025974025976
0.0
0.2077922077922078
0.38961038961038963
0.025974025974025976
0.025974025974025976
0.0
0.23376623376623376
0.15584415584415584
0.2857142857142857
0.05194805194805195
0.23376623376623376
0.1038961038961039
0.2077922077922078
0.07792207792207792
0.33766233766233766
0.05881199764752009
0.15683199372672024
0.23524799059008036
0.07841599686336012
0.09801999607920016
0.07841599686336012
0.05881199764752009
0.05881199764752009
0.13722799451088022
0.0
0.01960399921584003
0.2940599882376005
0.23524799059008036
0.07841599686336012
0.05881199764752009
0.2940599882376005
0.09801999607920016
0.03920799843168006
0.07841599686336012
0.15683199372672024
0.34798747245099176
0.034798747245099175
0.06959749449019835
0.08119707690523141
0.20879248347059506
0.1391949889803967
0.09279665932026447
0.3711866372810579
0.16239415381046282
0.10439624173529753
0.16239415381046282
0.057997912075165296
0.011599582415033059
0.40598538452615707
0.12759540656536364
0.11599582415033059
0.011599582415033059
0.06959749449019835
0.011599582415033059
0.011599582415033059
0.010278548668927948
0.020557097337855896
0.09250693802035152
0.11306403535820742
0.0
0.40086339808818994
0.13362113269606332
0.7914482475074519
0.3700277520814061
0.11306403535820742
0.04111419467571179
0.0
0.3700277520814061
0.46253469010175763
0.20557097337855895
0.3494706547435502
0.45225614143282966
0.10278548668927948
0.04111419467571179
0.38030630075033406
0.021217907914279653
0.09548058561425843
0.0
0.15913430935709738
0.05304476978569913
0.09548058561425843
0.8062805007426268
0.0
0.010608953957139827
0.2864417568427753
0.0
0.021217907914279653
0.11669849352853809
0.07426267769997878
0.0
0.4137492043284532
0.042435815828559306
0.07426267769997878
0.010608953957139827
0.042435815828559306
0.020610057708161583
0.1442704039571311
0.10305028854080792
0.08244023083264633
0.1236603462489695
0.08244023083264633
0.2885408079142622
0.0
0.08244023083264633
0.041220115416323165
0.10305028854080792
0.1236603462489695
0.16488046166529266
0.06183017312448475
0.0
0.0
0.08244023083264633
0.10305028854080792
0.020610057708161583
0.041220115416323165
0.21604104779908181
0.054010261949770454
0.0
0.027005130974885227
0.10802052389954091
0.0
0.0
0.4050769646232784
0.054010261949770454
0.13502565487442614
0.027005130974885227
0.13502565487442614
0.2700513097488523
0.16203078584931138
0.027005130974885227
0.08101539292465569
0.13502565487442614
0.10802052389954091
0.21604104779908181
0.027005130974885227
