0
0
210
41
9
10
0
0
0
0
0
0
0
0
42
48
0
0
24
0
0
0
15
0
0
0
0
50
47
3
0
0
201
167
0
0
243
24
163
208
66
81
0
66
28
179
34
47
94
4
0
98
0
166
37
1
139
17
0
0
0
80
0
157
102
84
35
0
4
0
14
0
12
0
0
31
63
0
0
0
0
4
39
0
0
0
0
45
0
0
52
40
0
0
12
2
0
24
0
0
0
0
0
10
74
51
19
42
66
0
0
0
0
29
0
230
154
0
0
0
175
13
56
0
175
0
0
6
19
0
90
0
0
13
30
57
41
0
0
124
0
20
0
261
26
0
1
44
0
7
0
0
69
0
1
0
148
46
0
166
0
62
473
14
0
0
0
0
0
0
28
21
0
27
0
0
0
7
0
0
14
0
66
12
0
0
0
0
0
67
0
0
160
9
23
0
0
191
71
0
0
0
0
0
38
0
0
0
0
0
0
70
184
74
81
0
37
58
65
63
82
0
16
19
261
0
1
79
0
0
132
15
142
16
146
0
0
0
116
0
0
36
0
0
0
0
14
0
