321
183
123
231
10
495
5
85
62
0
1
144
15
200
107
0
0
22
0
0
101
16
1
4
0
0
53
47
341
1
0
168
58
0
243
163
66
125
72
179
34
105
110
146
164
98
46
167
37
0
139
45
0
0
0
101
28
156
102
86
19
9
0
40
0
0
62
0
87
9
0
83
68
70
41
0
0
48
0
0
0
12
65
8
163
19
31
0
152
74
193
168
6
12
14
29
0
180
0
1
74
177
77
56
48
47
12
52
97
110
92
74
1
13
74
67
26
94
459
2
36
0
263
50
0
332
111
200
234
1
0
155
125
45
166
0
106
21
55
244
0
93
62
5
36
101
54
0
178
0
69
3
47
0
10
348
2
90
23
22
9
0
24
195
116
0
0
0
147
68
261
0
0
48
20
70
182
74
223
0
46
65
241
8
23
remove
268
remove
48
remove
77
91
71
244
17
142
remove
remove
3
0
26
remove
10
remove
0
remove
1
remove
remove
1
41
remove
