236
195
1
10
25
20
490
552
13
0
0
0
86
121
218
61
206
6
0
44
8
112
126
0
17
0
0
20
13
20
44
0
4
206
9
3
0
0
0
0
37
1
0
44
17
0
13
36
26
35
31
24
0
10
11
0
5
19
0
74
44
0
29
0
17
56
1
55
1
2
61
13
0
0
3
0
29
41
32
21
7
146
116
150
1
0
1
10
0
0
44
16
33
18
0
2
29
17
44
63
0
35
0
0
63
19
66
7
0
4
6
120
18
0
28
0
101
19
0
14
1
0
1
86
9
0
18
0
0
21
167
12
13
15
79
0
76
8
1
0
9
131
0
9
92
27
157
113
66
1
29
3
66
36
81
59
0
34
2
86
6
56
19
41
7
0
53
5
0
36
19
0
95
0
1
0
75
0
5
42
0
41
0
0
1
93
3
0
0
24
0
18
0
0
0
0
0
0
1
59
86
8
188
37
28
0
4
162
0
55
23
0
5
0
23
63
1
77
85
46
114
7
1
39
9
0
44
46
6
0
64
22
7
0
79
122
56
0
remove
0
remove
68
104
