0
0
8
39
0
0
10
0
0
0
56
26
0
1
0
0
0
30
0
0
59
0
0
77
0
0
36
71
0
10
52
17
29
9
3
0
104
14
37
0
1
16
0
0
15
0
0
0
20
33
15
0
59
0
21
27
33
0
61
88
12
0
0
141
0
0
0
36
0
0
46
15
60
0
5
1
36
21
29
20
197
0
28
0
0
0
0
101
0
0
17
76
0
0
0
0
0
0
0
87
4
15
0
74
0
0
4
111
0
0
10
13
17
0
0
177
0
19
6
0
0
32
149
70
63
0
40
22
0
0
0
15
2
10
0
0
99
2
42
1
39
7
34
0
26
26
0
0
78
1
0
73
0
14
0
0
71
0
0
20
remove
0
0
0
11
32
1
26
0
0
15
0
0
0
0
0
0
0
208
0
11
108
0
0
0
2
0
101
30
0
11
0
3
51
8
0
0
0
40
0
21
0
14
0
0
0
21
0
0
98
62
15
2
0
41
19
18
0
2
0
0
41
0
1
24
201
0
20
203
0
18
0
36
539
0
0
4
83
26
10
24
0
30
53
12
6
133
0
36
