0
0
0
0
0
0
0
0
0
0
0
40
0
0
0
0
11
40
62
0
205
0
0
0
8
29
65
0
6
0
0
19
11
0
0
0
0
11
130
8
0
0
0
0
0
7
5
0
24
18
0
0
33
15
36
26
13
0
105
8
0
11
0
0
0
0
75
10
0
0
0
0
35
0
55
0
0
61
13
0
0
0
1
19
41
2
11
8
0
47
12
0
68
0
0
0
0
0
0
10
0
1
0
1
0
15
0
40
0
36
1
0
6
0
66
0
0
2
0
88
0
0
28
0
0
0
0
11
0
0
1
13
0
0
0
1
0
0
13
0
9
9
11
0
0
18
0
0
0
0
17
0
7
47
0
0
107
25
0
0
0
62
25
79
0
0
16
0
0
5
6
6
0
0
0
0
0
0
8
0
7
0
1
0
0
0
0
28
0
0
43
0
0
0
0
71
0
29
0
0
0
0
0
0
0
0
0
0
0
0
0
0
0
0
0
0
5
187
0
1
0
4
25
0
28
7
0
0
0
0
7
0
69
0
0
15
0
0
38
0
0
7
47
6
0
65
20
10
0
0
0
0
0
0
68
0
