148
44
101
0
6
1
29
0
66
256
30
29
138
28
372
17
1
64
116
0
75
0
10
114
78
51
361
108
17
41
361
350
0
141
80
8
18
18
67
2
0
33
20
34
15
0
3
21
73
33
0
64
88
13
0
1
0
0
0
36
0
1
354
16
60
12
76
0
91
203
183
20
198
15
349
0
33
0
0
147
1
148
71
107
6
0
0
0
1
209
56
118
0
216
143
27
138
23
0
35
177
28
8
94
0
69
198
72
59
49
148
175
0
41
23
13
0
121
230
28
42
0
306
93
0
160
30
0
0
78
114
0
148
0
47
325
0
72
0
0
76
0
12
0
46
78
129
0
33
190
51
0
0
19
6
105
48
179
0
102
171
268
0
103
39
27
2
67
123
8
531
2
2
67
0
0
5
29
21
0
0
99
64
15
0
41
43
120
139
2
129
60
544
0
20
remove
202
85
248
204
0
25
195
remove
536
92
0
9
remove
96
9
59
57
remove
55
58
remove
134
11
35
