0 19910.3041211 19372.345094
1 19387.3473346 17169.534259
2 12973.8676144 6934.92189768
3 13833.7736852 16592.9340033
4 8887.39661085 14331.1352916
5 11245.2033311 20376.0510197
6 12245.4709914 13961.3949602
7 14546.785507 15846.9544821
8 14375.0473347 13993.7252013
9 12663.8130341 12898.9996435
10 10531.1923073 12564.664139
11 19641.5168661 6026.63860359
12 23644.7063807 12446.9205776
13 13023.8368669 20128.4247758
14 15023.0762828 14410.7330371
15 16734.9106772 13211.8530847
16 22955.5329082 14450.8326571
17 11062.8141483 13432.4421864
18 19319.5663214 9983.42286326
19 16020.600099 14175.780851
20 10913.2081702 14118.9727215
21 7546.44810585 14327.0999209
22 16837.9120386 20848.4121802
23 23869.048604 4614.67933671
24 7757.93084566 28605.0356932
25 11737.1625828 14635.2079091
26 22933.1595584 4713.59197201
27 8407.15922162 15552.3080787
28 13924.892407 13318.4961436
29 11916.958201 24468.9755353
30 15038.295033 14570.4801129
31 11351.216984 16497.9054015
32 7164.42953587 12246.5931572
33 13917.5996456 14966.6909853
34 13964.3652909 10638.2619316
35 21252.8330284 13516.4239752
36 14316.7874359 13499.9138674
37 8000.48870899 12785.3830691
38 9245.19053425 15071.0911099
39 6964.86520708 13736.9826745
40 13823.8496557 10425.3251426
41 10527.0036257 20121.2306402
42 14496.3822551 18166.9169491
43 17430.2737166 12532.0751904
44 11102.2525802 14981.3727233
45 15927.3883672 20962.8007888
46 11669.4651593 8740.68647734
47 16694.0153349 6849.61549008
48 11101.4512823 22047.1349348
49 23818.6848202 11311.9940059
50 10426.9105095 12462.4038068
51 12402.7054648 17085.7264559
52 18910.1092684 14169.125216
53 11384.6076232 12198.2574896
54 10031.0024501 23526.1032956
55 18247.8024436 17560.4621922
56 14146.7369059 14340.4423413
57 10244.3334482 10868.8268716
58 15661.77165 16855.2161879
59 13220.9373577 14407.5410789
60 16650.6580413 7852.03772499
61 16957.1930025 13811.1326128
62 11783.1994957 20288.9697344
63 6065.98831034 14867.8895579
64 7796.19541315 19436.9173234
65 19792.3886911 6153.0417239
66 13506.0361624 21042.8906339
67 19240.0567355 5567.71619248
68 9344.50278884 21693.6589274
69 17048.0734894 19569.1631277
70 22102.1364708 9683.09399377
71 14267.2963698 11106.2374759
72 21991.1550875 17677.0883892
73 17786.0554889 16080.9149418
74 14177.3159437 11825.1502686
75 13567.8810066 14021.2533558
76 12135.474428 15173.3624334
77 10494.773445 15523.4118813
78 10250.8702526 16463.9014291
79 22134.2293251 9028.07628543
80 11608.9919744 15847.3940983
81 15593.2113925 11638.2909245
82 12235.2350842 15951.7507174
83 15713.7239949 14563.6266589
84 10050.5787566 19857.2057957
85 10463.4787817 20926.4531034
86 22391.1729332 7649.43865133
87 11205.3466149 10872.5034129
88 14657.5937951 4266.05736402
89 15658.5482324 14727.3007249
90 17686.9785607 14724.1693593
91 21410.0112512 11327.8999506
92 8430.84589868 17205.2378084
93 6881.73344133 21552.7077462
94 6669.59177345 14374.0691103
95 22907.0234486 9348.19725815
96 16817.1342501 5941.48397804
97 12042.9306815 12826.961238
98 17038.4329674 8809.94379838
99 12732.8459221 10989.7657538
100 16311.0570538 15514.4527295
101 14688.224441 11207.5427513
102 22627.7582628 11957.0049736
103 10175.3764085 15875.1758956
104 22210.9162087 10212.1023321
105 17275.713135 17483.4212291
106 5681.85901374 14469.381078
107 16330.9582697 11660.8749013
108 18385.4383813 18745.4913492
109 14247.6482297 9414.38214085
110 13063.0245095 15185.3084148
111 15194.0106528 14331.0385297
112 18403.219708 10183.7085926
113 23909.4521656 5432.75292294
114 13865.0486827 14393.9202654
115 13575.3562099 19420.7414154
116 10288.2969833 14760.3053152
117 23665.9241008 7729.88454938
118 13437.2533066 13748.1447746
119 6403.35501425 26202.2695554
120 17818.6383521 13581.996006
121 13075.7100922 15289.8532033
122 18499.7161331 15459.7117133
123 7946.11166231 16371.0273913
124 15484.3414591 14205.114422
125 11849.1562217 10511.5395
126 15765.841944 15313.3133233
127 17098.3529601 3852.34416744
128 12557.5437185 16391.4827123
129 20884.4933603 8010.41434863
130 18890.1302026 18857.4266667
131 12086.2700698 23596.7892313
132 9452.06906242 18595.6723619
133 15065.2859237 14249.3070979
134 15189.8333115 14797.3212054
135 24133.47632 5130.38542064
136 15104.3699364 4391.4088801
137 11977.2435128 17674.0769925
138 9680.15149032 16124.3047441
139 10596.6351135 22819.6183404
140 16811.9918441 14625.9567432
141 8461.04858176 14011.0452189
142 17099.6988672 7511.90068697
143 19821.6115254 6225.13548264
144 6648.52750112 23043.9694673
145 11527.4168967 18765.0124581
146 11627.7190458 5714.93106976
147 13732.0151768 13811.6871562
148 9505.14951829 12646.5164093
149 16546.6622728 16105.4292049
150 10446.3403529 17597.2940814
151 13620.690801 18287.5501026
152 15788.129737 18031.2423118
153 23631.9636764 3872.20708946
154 7264.73332903 17901.1989042
155 14305.2821972 15149.8329073
156 25411.0178416 7244.7970409
157 14152.2985542 23666.7216559
158 14858.1364055 17321.9734901
159 14679.6701655 16075.4820804
160 19378.5237343 18313.580338
161 17430.633921 16655.8470026
162 8115.0789834 21872.5560429
163 8086.9538489 14250.0838309
164 15118.1686792 14034.5560767
165 20666.0495972 16771.1796778
166 24556.9140714 7550.11847078
167 18267.801617 6654.57864176
168 16027.57298 15755.8577009
169 18498.3523643 11558.7616459
170 19856.4615756 13105.2868707
171 10257.9063468 13000.0876945
172 15115.7379765 10779.5157666
173 8336.12291848 20622.0356879
174 14603.0123301 16633.9625513
175 12137.7546164 15780.9069396
176 14249.2736765 12251.9180949
177 28878.1970746 36166.012178
178 15387.8530999 13875.6349333
179 8876.32874138 16322.2287078
180 18440.6204275 13360.0919237
181 9807.14755078 24275.3991015
182 9493.80249855 22204.8065257
183 15533.6853067 14026.8513199
184 8712.05767221 18830.1529847
185 6254.71083827 12758.119755
186 13716.6509324 17835.9355694
187 21406.1112379 14677.5663362
188 13040.6375719 16477.19679
189 12813.7745738 13503.0934999
190 14384.5969699 10212.4309047
191 13383.7896478 14158.3958048
192 20519.7517832 14371.1162153
193 17123.7060532 14950.6017157
194 11004.8296477 17205.5211553
195 14479.013534 12762.1927739
196 11408.3012487 15416.5587009
197 15408.2351641 14620.5735721
198 12901.7225982 11686.6152679
199 19778.9586611 16038.6863036
200 14870.7474704 19106.8615741
201 14522.516438 12762.4060712
202 11240.8432654 16022.8219196
203 15771.3126146 15599.3380735
204 11295.5176429 15474.4440161
205 14315.0963041 13116.1359387
206 19395.5595206 5774.23089828
207 21504.7565944 9625.40124911
208 22649.7129019 14773.6628618
209 22696.8320676 5222.67001334
210 13848.1761501 14580.8490834
211 21456.5325303 9158.11591511
212 5411.42452095 14386.8055013
213 23307.9232497 7443.19667266
214 15173.6350487 6013.50386845
215 9703.86046659 14188.7180787
216 14955.6707391 9237.99599375
217 19577.6849576 11646.6785054
218 20744.0202259 17776.6915075
219 13310.1652851 14818.6967864
220 14177.5189906 14846.3182034
221 15784.1589301 14190.8870311
222 14848.1553701 5046.45122602
223 4503.09786887 15012.9143842
224 17636.912982 14455.9135675
225 21242.3886264 10442.5971562
226 23395.7662165 5364.7617148
227 12745.981715 14519.8881058
228 17271.6141019 15527.4055156
229 18811.2649799 20961.2046686
230 15924.657907 22683.156082
231 11799.8722026 25162.4432355
232 14358.7810581 8136.13975275
233 18335.7106409 16452.8783005
234 17242.7766073 18718.2419546
235 15676.9003639 14874.2299239
236 15191.0070491 13146.0731217
237 12717.2223905 14124.8876656
238 9313.50195472 17231.0874057
239 13340.0915314 17271.2748714
240 16702.0998364 10840.9731877
241 15715.086608 12407.3360283
242 13834.7413991 12727.9406276
243 13330.564132 13484.1763478
244 14180.2030904 14054.2122221
245 15477.1622287 14933.8587883
246 13448.5513108 13487.9953442
247 15946 9534
248 20185 11230
249 23849 14865
250 11029 6369
251 21059 19129
252 18944 24520
253 9504 10415
254 7735 25140
255 5052 22689
256 4989 29179
257 11535 9635
258 18407 15672
259 22816 15179
260 23553 29729
261 8667 9223
262 16690 29903
263 20284 5528
264 6778 15373
265 5585 6311
266 22797 12858
267 20365 28522
268 9212 26349
269 18282 12226
270 21771 7032
271 6072 11822
272 22818 23346
273 10500 23625
274 12727 22559
275 12711 15392
276 21223 3852
277 4699 24276
278 11253 6022
279 6130 15751
280 6026 10057
281 19364 9221
282 6897 6063
283 20644 25653
284 22218 25610
285 23737 18341
286 21190 26195
287 6112 4745
288 19269 28321
289 17769 26769
290 22556 29192
291 20019 24239
292 17329 11302
293 18358 21352
294 9606 6431
295 20229 18435
296 8060 28106
297 24634 18518
298 15140 25577
299 5103 17964
300 9475 25535
301 12444 5081
302 6158 7084
303 17094 22532
304 24930 4382
305 15213 20871
306 20090 26163
307 8201 5895
308 4600 7089
309 7372 19271
310 21919 23549
311 14959 8648
312 5897 19309
313 25466 26943
314 16937 17325
315 10426 24799
316 15333 27226
317 13696 26224
318 24976 7103
319 8641 20759
320 19916 7230
321 19605 14718
322 12282 21020
323 16219 5587
324 14040 5606
325 25877 26489
326 13010 10310
327 21760 16828
328 8562 14775
329 22390 20037
330 18466 22827
331 5567 20033
332 11603 18896
333 11517 22782
334 11785 4973
335 22860 22427
336 25588 17127
337 13369 23886
338 23174 10240
339 9398 5087
340 7979 11036
341 16416 24266
342 14197 26798
343 7175 5006
344 24652 9824
345 22301 4527
346 4777 15668
347 25242 8505
348 19566 23175
349 5226 16610
350 10112 10808
351 24599 12527
352 25252 23100
353 21450 5024
354 10332 29057
355 6772 27370
356 13287 13635
357 25677 21844
358 11581 28780
359 7591 20363
360 18872 11559
361 21740 24420
362 11513 26023
363 11108 20913
364 6389 25885
365 10598 28233
366 13950 25049
367 7767 25089
368 6437 17697
369 22877 27558
370 20832 20369
371 4549 10547
372 12571 24138
373 24784 10570
374 21902 14545
375 16818 18054
376 13770 12297
377 19012 6502
378 6063 19493
379 5754 10255
380 25709 6227
381 18877 4020
382 10176 9894
383 21853 13320
384 15187 16599
385 25244 7513
386 13853 27523
387 8006 29006
388 7700 22764
389 7174 13246
390 19802 16557
391 24873 14052
392 25540 16171
393 12479 28847
394 12364 26987
395 20671 12646
396 24142 26265
397 23988 6616
398 7782 7281
399 4735 6316
400 9265 28883
401 14928 22901
402 18033 9900
403 5932 28695
404 14005 20132
405 16943 15512
406 5584 27523
407 14898 23665
408 14257 6638
409 23896 4482
410 24854 19209
411 5087 14379
412 5554 11053
413 17140 25487
414 21617 10528
415 18707 8654
416 19517 22757
417 21987 5840
418 11635 7527
419 7703 11732
420 4641 9157
421 24281 27659
422 17748 8666
423 11252 8849
424 23450 7413
425 19219 23884
426 19857 10355
427 22116 27265
428 25204 23487
429 21521 15920
430 16495 4211
431 9850 24193
432 25941 4904
433 24969 20289
434 10734 26332
435 14887 7078
436 22417 16322
437 10319 4511
438 25538 20963
439 24112 8958
440 16970 28392
441 11490 26532
442 7463 10291
443 21441 19743
444 5083 7730
445 12156 3924
446 9038 22409
447 10385 9046
448 14779 29805
449 16684 26428
450 12908 29827
451 12665 6324
452 25750 19436
453 9582 20631
454 23484 20674
455 9365 27163
456 5105 13539
457 5937 15291
458 6969 7299
459 11688 21417
460 15619 7141
461 22973 13587
462 8117 21632
463 18464 27632
464 18627 7647
465 16492 18854
466 10786 18693
467 24403 19684
468 23462 21375
469 13336 20237
470 7042 12265
471 22655 8924
472 11194 15270
473 16115 4010
474 13412 8289
475 14188 22286
476 6754 9222
477 6211 29815
478 6680 11051
479 9611 16995
480 5269 20899
481 19047 25335
482 4764 11857
483 4860 22563
484 17182 16530
485 16959 7874
486 19814 17596
487 13060 18998
488 9693 19253
489 15958 14777
490 8201 25955
491 18649 29509
492 13085 27614
493 6101 16980
494 22899 28171
495 25315 13256
496 14768 4517
497 15573 15494
498 6315 24277
499 4688 19548
500 22692 24672
501 22676 21655
502 10400 16161
503 7480 13571
504 11464 12449
505 8629 28550
506 19839 16748
507 15798 23871
508 24066 23069
509 15640 4028
510 17748 6066
511 25991 29944
512 16794 4846
513 18068 17676
514 4772 27420
515 9252 24571
516 14386 26300
517 7705 22215
518 8489 23894
519 25514 16423
520 10652 13935
521 13567 29139
522 19530 21564
523 19214 28418
524 5539 21970
525 10144 22974
526 21365 20135
527 25712 24485
528 5575 12185
529 7422 8802
530 9587 12605
531 24965 28607
532 18337 4876
533 20429 20253
534 6427 11597
535 20497 12140
536 10230 7677
537 17761 23657
538 12366 25905
539 8421 4020
540 20649 22936
541 7130 24437
542 11107 27107
543 23896 15194
544 10341 22089
545 19535 20536
546 14591 16724
547 16184 20785
548 24318 13591
549 5636 19636
550 21374 26217
551 24369 11522
552 16159 27722
553 4809 23439
554 23456 9758
555 25320 9422
556 23197 23583
557 23537 13118
558 18034 20071
559 21179 24922
560 7520 6784
561 17608 13070
562 15768 26838
563 13938 25637
564 18888 9958
565 11505 29837
566 15164 10871
567 21012 28058
568 4917 8486
569 25914 4129
570 17171 11993
571 6853 21106
572 20705 9931
573 6109 27526
574 17015 26311
575 5288 4481
576 16644 23155
577 14391 10809
578 15990 11873
579 4686 12911
580 16908 20927
581 24790 27448
582 5212 18940
583 10878 26289
584 17522 14673
585 11951 9633
586 24395 28497
587 5290 21233
588 17669 7332
589 11706 14203
590 16194 16847
591 10705 4834
592 20177 28884
593 8158 16032
594 8595 4800
595 21455 21549
596 19818 11140
597 21683 4417
598 10153 24702
599 15447 6305
600 5182 24459
601 21139 23949
602 19954 4618
603 16250 7573
604 9117 5718
605 5708 26207
606 9754 11429
607 5198 29981
608 19201 15665
609 13503 22081
610 14444 5823
611 7209 14741
612 19893 13319
613 20900 27334
614 17154 28663
615 16616 27814
616 18259 10898
617 4532 25392
618 24316 8215
619 11585 17574
620 25522 18027
621 20624 22093
622 15127 24434
623 4835 5461
624 19090 12929
625 8106 10519
626 14571 28726
627 10243 27458
628 17128 10782
629 23884 24172
630 12092 27789
631 22224 16735
632 9495 28052
633 9091 17586
634 23525 10979
635 14649 28020
636 14509 8991
637 21296 6207
638 22933 26643
639 14387 17318
640 13351 5139
641 20301 5966
642 16529 18596
643 23233 6411
644 4994 9068
645 9990 29796
646 14995 26029
647 25155 17207
648 9490 14943
649 12685 16021
650 9212 7704
651 22767 12290
652 18849 6801
653 25907 15301
654 23829 26408
655 21094 16949
656 16731 20344
657 5860 13228
658 9277 6680
659 21458 12447
660 8882 9992
661 22145 20720
662 24496 21982
663 4592 16569
664 19209 3951
665 8664 27205
666 25592 8107
667 8682 17491
668 13638 12290
669 18084 25517
670 4547 26639
671 9250 15946
672 25685 14087
673 24044 22581
674 10191 14480
675 18386 14947
676 25858 29077
677 10820 16985
678 14459 15703
679 10602 9634
680 15386 21884
681 25969 23762
682 17658 18573
683 7364 29947
684 7327 27568
685 12042 22171
686 7564 22049
687 10937 29426
688 15983 13112
689 18924 18116
690 21362 9199
691 19736 23515
692 7894 18217
693 24874 18367
694 22701 17309
695 15603 25285
696 24485 16462
697 18006 29831
698 9697 20256
699 15393 7828
700 5768 4054
701 15562 14883
702 22391 9646
703 12091 12102
704 4598 15207
705 14460 21489
706 7020 14714
707 8002 7681
708 8524 28311
709 18257 4308
710 14275 7543
711 17604 3937
712 9229 23562
713 20253 26448
714 11849 13268
715 13332 24465
716 24712 14286
717 10317 19959
718 22383 19318
719 7778 13621
720 5280 10409
721 22970 11322
722 25546 11506
723 19566 24359
724 17067 14193
725 7452 26523
726 9606 8681
727 17600 4741
728 6277 29221
729 24748 20094
730 21481 13540
731 20259 27688
732 21937 18518
733 7022 17790
734 4666 6628
735 5878 16095
736 23963 19030
737 4884 17686
738 8582 14698
739 13183 13408
740 16957 8072
741 10967 10506
742 22134 27272
743 13820 23914
744 17061 19495
745 23291 21781
746 22607 28488
747 22283 8496
748 12915 23278
749 13218 17976
750 7854 14799
751 13313 9646
752 25533 10620
753 12139 7513
754 25278 12852
755 20398 8876
756 12182 18667
757 7293 16246
758 14342 18409
759 19554 29636
760 5478 4121
761 21479 28982
762 8000 5938
763 20365 14323
764 11854 24391
765 15469 19458
766 23650 29309
767 17226 15662
768 6591 3951
769 23710 20762
770 7864 9624
771 9352 4043
772 6801 20092
773 16693 25629
774 20991 20951
775 15542 29387
776 19536 5997
777 8550 22199
778 11758 5748
779 18239 16497
780 11907 29502
781 22526 15248
782 21298 26990
783 8231 12945
784 15688 8267
785 22190 16226
786 20513 13477
787 16629 9413
788 6097 7442
789 17196 17789
790 12376 15170
791 6191 6476
792 5943 8777
793 16544 18056
794 6311 23150
795 21050 14155
796 6240 27185
797 13768 14700
798 7036 28788
799 14351 20467
800 24924 6273
801 11176 11610
802 13395 12597
803 25968 28119
804 14807 11981
805 20570 5014
806 13200 28175
807 24485 15627
808 9542 15264
809 5152 20523
810 10508 15037
811 12187 9441
812 15141 13104
813 15261 18331
814 16046 28651
815 24179 12597
816 7848 24958
817 17022 26549
818 9398 16796
819 23392 28080
820 10996 7167
821 20640 18215
822 6573 4798
823 16610 3906
824 18137 9352
825 15492 28212
826 23004 11588
827 20996 4242
828 17418 12379
829 23624 25023
830 19364 8402
831 20370 6692
832 24472 10194
833 24554 18805
834 8536 24495
835 5284 7748
836 13648 28980
837 22324 22895
838 6974 8989
839 18157 12795
840 6620 16530
841 19390 27102
842 6786 25154
843 20146 15426
844 18696 6536
845 16013 17455
846 12007 6469
847 8774 20170
848 19727 25722
849 16565 27700
850 21381 26232
851 21970 28082
852 18002 15789
853 7651 21034
854 17032 18091
855 9084 13210
856 17558 18750
857 6915 9887
858 24959 23397
859 15094 4803
860 19027 11042
861 24043 22070
862 20917 29769
863 17041 6682
864 7917 14379
865 20139 11430
866 12612 22308
867 13330 3899
868 20240 5795
869 10087 11752
870 20048 8030
871 25536 13510
872 4648 23515
873 5500 29463
874 5859 18847
875 14054 11714
876 22703 7723
877 23380 7980
878 5998 17560
879 13074 28256
880 17328 24231
881 5273 28307
882 13976 13917
883 20080 12573
884 20131 28690
885 7344 5111
886 7825 23669
887 16968 29084
888 7099 26012
889 8062 8463
890 8397 26872
891 11634 24744
892 23819 16830
893 15042 9636
894 22252 20014
895 20285 19935
896 7272 13865
897 12030 25989
898 19150 4510
899 25390 4474
900 20151 24846
901 5764 21413
902 11438 22947
903 7871 18930
904 5928 23825
905 20382 23984
906 25697 25478
907 5550 5406
908 18279 27326
909 13053 25353
910 25584 19860
911 19572 29331
912 22757 27706
913 15160 23142
914 17575 21427
915 6223 15253
916 21656 10018
917 14950 8795
918 22303 29883
919 13382 26213
920 16720 5240
921 10660 25539
922 18147 9000
923 17613 9757
924 16852 16130
925 17144 12866
926 25900 27019
927 24753 28145
928 5765 26732
929 13178 11437
930 9934 26722
931 5393 24644
932 8403 17261
933 18217 11148
934 9494 25162
935 9722 29200
936 6208 13673
937 13887 26944
938 17103 22872
939 5008 13221
940 13208 16530
941 19925 18223
942 22037 12011
943 25375 5233
944 20969 8116
945 9955 25904
946 5481 9988
947 14917 29784
948 19715 25749
949 12425 29256
950 10353 4322
951 14196 24514
952 9757 7040
953 11458 18033
954 20865 12314
955 21770 17444
956 22558 26018
957 4989 8625
958 16213 23651
959 24409 29462
960 10756 20757
961 6611 8020
962 6144 10898
963 17182 24702
964 7482 24292
965 10027 11042
966 9000 21533
967 6913 6088
968 14068 17729
969 24939 11037
970 24638 5154
971 20275 13836
972 16387 29710
973 16199 23067
974 21041 7298
975 22403 18859
976 11564 20620
977 10743 29896
978 12001 28480
979 17605 20706
980 9848 20054
981 12674 10889
982 23243 4164
983 15474 5625
984 21727 5898
985 18469 22324
986 23380 18467
987 19756 7777
988 24361 21088
989 11888 16848
990 4788 27678
991 20590 9732
992 18488 23145
993 17236 5743
994 22654 26865
995 10735 20013
996 18861 27916
997 21813 7017
998 8570 24684
999 9116 19632
1000 21034 15565
1001 16079 19863
1002 17313 17288
1003 19302 8473
1004 9113 22851
1005 20166 28906
1006 14841 5083
1007 12717 7344
1008 4718 3951
1009 10002 14409
1010 12393 19268
1011 17600 27326
1012 10548 7618
1013 14572 8530
1014 7492 29871
1015 5178 10685
1016 14724 25792
1017 12933 28753
1018 15607 11168
1019 16420 11827
1020 13662 6668
1021 19002 16035
1022 8842 11461
1023 13507 19733
1024 24855 7415
1025 9255 10867
1026 17762 25835
1027 17662 18411
1028 15833 3972
1029 24086 25331
1030 13173 8535
1031 25797 22214
1032 25341 29387
1033 25204 14436
1034 11771 15963
1035 16413 20863
1036 4708 18352
1037 15378 18134
1038 21269 19771
1039 15070 10096
1040 7179 24867
1041 13243 5019
1042 19534 19713
1043 11747 29359
1044 19050 12106
1045 11012 21536
1046 16156 15540
1047 10448 13132
1048 12369 4586
1049 16895 10123
1050 11453 4304
1051 22087 4308
1052 5321 22093
1053 4513 22095
1054 24181 14128
1055 11784 10931
1056 19062 7074
1057 14410 27633
1058 23099 19849
1059 5984 26609
1060 21723 12122
1061 11835 19966
1062 10947 27665
1063 21742 22158
1064 18080 26532
1065 18849 5751
1066 23747 18940
1067 8837 26275
1068 24393 23598
1069 19096 26706
1070 13879 22777
1071 15430 14512
1072 20907 4019
1073 8834 26978
1074 15875 24393
1075 15801 13579
1076 13203 9822
1077 18581 17145
1078 17113 4912
1079 18418 8941
1080 10536 22185
1081 15823 26166
1082 20802 18899
1083 5859 20401
1084 5121 15217
1085 13844 26904
1086 21283 17156
1087 19303 18875
1088 12999 12021
1089 22076 8073
1090 16532 13426
1091 4993 11746
1092 14660 6692
1093 23968 22454
1094 16011 23109
1095 7434 19885
1096 7899 17480
1097 24561 18335
1098 11675 11894
1099 22940 21413
1100 15089 12025
1101 7468 18205
1102 16447 8392
1103 4901 26091
1104 21299 23697
1105 25710 11142
1106 23060 23128
1107 20009 29975
1108 23509 24266
1109 5696 25363
1110 10600 16092
1111 14809 19753
1112 20510 27020
1113 15397 16418
1114 23735 7417
1115 10736 26350
1116 21366 8589
1117 14599 26507
1118 8578 7165
1119 21598 20514
1120 14790 5077
1121 13530 11067
1122 9416 12062
1123 6142 15170
1124 6559 18503
1125 8420 29963
1126 5441 18920
1127 10040 24789
1128 18557 29415
1129 22582 12915
1130 13586 20696
1131 24379 6328
1132 17767 7559
1133 19829 8282
1134 23907 14939
1135 16186 6450
1136 17590 14730
1137 18694 20247
1138 17641 12109
1139 10771 28491
1140 18133 5417
1141 24680 4935
1142 23030 4806
1143 9589 22185
1144 7588 16064
1145 8503 9919
1146 18057 10260
1147 17935 19512
1148 15956 21919
1149 10924 4789
1150 21470 27490
1151 19772 7426
1152 22831 10682
1153 7971 7983
1154 9144 17619
1155 9391 16836
1156 7686 22070
1157 18022 12992
1158 25224 6134
1159 9158 28071
1160 25949 9099
1161 12915 20234
1162 12682 6155
1163 7152 10593
1164 12475 27130
1165 9906 4727
1166 15249 24418
1167 22632 27183
1168 25198 14318
1169 13913 5691
1170 12205 21607
1171 10286 14536
1172 11519 27565
1173 6808 28261
1174 11399 25755
1175 21509 26103
1176 20028 10896
1177 11848 14276
1178 15736 9927
1179 22823 24827
1180 10569 15297
1181 7720 29984
1182 19792 25977
1183 10409 27108
1184 14215 16004
1185 8599 18504
1186 18192 17581
1187 22949 7822
1188 19457 14953
1189 23565 26662
1190 13216 14013
1191 5457 5346
1192 11297 19591
1193 15913 7449
1194 21636 14668
1195 18858 12345
1196 10414 13451
1197 7813 23098
1198 19867 3967
1199 24350 17627
1200 21691 10423
1201 20890 17972
1202 22593 23852
1203 5199 13057
1204 19049 8955
1205 8977 5272
1206 6976 12003
1207 9730 16080
1208 19145 24259
1209 23539 29653
1210 25667 21611
1211 21279 6484
1212 22587 5740
1213 15884 14004
1214 23895 16040
1215 15413 24236
1216 16190 8452
1217 19431 17000
1218 23736 18817
1219 11106 29873
1220 23719 10543
1221 7802 12357
1222 6254 7357
1223 9497 12007
1224 5071 7739
1225 9934 21525
1226 15065 18226
1227 14685 23850
1228 17697 8617
1229 8825 20396
1230 6028 21565
1231 15980 5554
1232 25647 20600
1233 20564 4778
1234 10968 18328
1235 4905 21097
1236 17710 13080
1237 7412 9096
1238 12799 5401
1239 4979 17090
1240 9639 18438
1241 23377 14239
1242 6779 26990
1243 21260 10742
1244 19468 18362
1245 4599 29012
1246 4621 6980
1247 22335 29908
1248 13118 4590
1249 10474 23204
1250 21826 11674
1251 15145 13668
1252 8604 15246
1253 19793 6043
1254 19304 13054
